jails:
  bedrock:
    world: 77c3a7df-8262-4b29-a6e1-0abb4db66ba0
    world-name: world
    x: 696969.547191141
    y: 67.0
    z: 6969.626212269395
    yaw: -38.93963623046875
    pitch: 77.6401138305664
