world: 77c3a7df-8262-4b29-a6e1-0abb4db66ba0
world-name: world
x: 121.22129383488735
y: 81.5
z: -79.02214453342205
yaw: -106.20280456542969
pitch: 27.40155792236328
name: farm
lastowner: 26a40013-a3fa-3e11-b852-f5d56b5d1bd9
