world: 77c3a7df-8262-4b29-a6e1-0abb4db66ba0
world-name: world
x: 35.437851622660745
y: 90.0
z: 669.6219560793638
yaw: -44.1162109375
pitch: 64.58850860595703
name: pvp
lastowner: 26a40013-a3fa-3e11-b852-f5d56b5d1bd9
